0.2 2.5 1.2
0.2 3.0 1.2
0.2 3.5 1.2
0.2 4.0 1.2
0.2 4.5 1.2
0.2 5.0 1.2
0.2 5.5 1.2
0.2 6.0 1.2
0.2 6.5 0.7
0.2 7.0 0.7
0.4 2.5 1.2
0.4 3.0 1.2
0.4 3.5 1.2
0.4 4.0 1.2
0.4 4.5 1.2
0.4 5.0 1.2
0.4 5.5 1.2
0.4 6.0 1.2
0.4 6.5 0.7
0.4 7.0 0.7
0.6 4.0 1.2
0.6 5.0 1.2
0.6 6.0 1.2
0.6 7.0 1.2
0.6 8.0 1.2
0.6 9.0 1.2
0.6 10.0 1.2
0.6 11.0 1.2
0.6 12.0 0.7
0.6 13.0 0.7
0.8 4.0 1.2
0.8 5.0 1.2
0.8 6.0 1.2
0.8 7.0 1.2
0.8 8.0 1.2
0.8 9.0 1.2
0.8 10.0 1.2
0.8 11.0 1.2
0.8 12.0 0.7
0.8 13.0 0.7
1.0 6.0 1.2
1.0 7.0 1.2
1.0 8.0 1.2
1.0 9.0 1.2
1.0 10.0 1.2
1.0 11.0 1.2
1.0 12.0 1.2
1.0 13.0 1.2
1.0 14.0 0.7
1.0 15.0 0.7
1.2 8.0 1.2
1.2 9.5 1.2
1.2 11.0 1.2
1.2 12.5 1.2
1.2 14.0 1.2
1.2 15.5 1.2
1.2 17.0 1.2
1.2 18.5 1.2
1.2 20.0 0.7
1.2 21.5 0.7
1.4 12.0 1.2
1.4 13.2 1.2
1.4 14.4 1.2
1.4 15.6 1.2
1.4 16.8 1.2
1.4 18.0 1.2
1.4 19.2 1.2
1.4 20.4 1.2
1.4 21.6 0.7
1.4 22.8 0.7
1.6 12.0 1.2
1.6 13.5 1.2
1.6 15.0 1.2
1.6 16.5 1.2
1.6 18.0 1.2
1.6 19.5 1.2
1.6 21.0 1.2
1.6 22.5 1.2
1.6 24.0 0.7
1.6 25.5 0.7
1.8 15.0 1.2
1.8 17.0 1.2
1.8 19.0 1.2
1.8 21.0 1.2
1.8 23.0 1.2
1.8 25.0 1.2
1.8 27.0 1.2
1.8 29.0 1.2
1.8 31.0 0.7
1.8 33.0 0.7
2.0 15.0 1.2
2.0 17.0 1.2
2.0 19.0 1.2
2.0 21.0 1.2
2.0 23.0 1.2
2.0 25.0 1.2
2.0 27.0 1.2
2.0 29.0 1.2
2.0 31.0 0.7
2.0 33.0 0.7
0.0 0.0 0.0
