4
12
14
12
13
5
13
12
12
11
11
6
11
11
9
9
4
4
34
2
2
9
9
18
18
18
4
4
4
5
5
5
15
15
15
11
11
11
2
13
13
13
17
17
17
7
7
7
6
6
6
12
10
600
10
2
10
10
5
10
5
5
5
5
5
5
5
5
5
5
5
5
5
5
5
5
7
2
10
10
10
14
2
12
17
14
12
16
16
8
7
6
5
3
2
10
14
13
13
10
4
15
9
7
11
3
17
10
4
12
9
10
12
5
18
2
12
8
14
12
8
15
14
12
15
5
18
10
4
4
14
11
5
8
17
9
16
15
2
10
13
4
18
8
6
6
7
9
14
6
17
4
10
7
9
10
9
7
7
4
3
17
14
11
17
4
18
10
15
7
4
12
18
5
10
11
4
11
16
10
7
9
18
8
17
15
4
5
14
6
7
13
7
3
12
4
11
8
14
14
11
11
15
8
18
13
15
4
14
13
7
12
10
8
9
10
10
10
3
2
12
11
16
18
16
18
10
14
12
5
13
2
8
16
6
2
2
12
2
9
10
9
4
7
18
2
10
5
6
8
9
18
9
16
9
15
12
6
10
18
4
16
15
14
8
14
2
7
11
12
15
16
15
4
14
13
9
16
2
11
7
16
2
4
9
5
2
12
14
14
3
2
5
16
11
9
11
8
9
5
18
15
18
12
10
8
9
18
18
17
14
10
9
18
11
7
15
15
2
4
3
6
7
7
7
10
10
12
11
6
8
17
6
10
17
9
11
2
17
14
16
8
13
17
13
5
2
5
3
17
6
17
15
12
11
4
11
12
7
8
12
5
7
3
11
10
7
13
18
4
15
2
4
17
7
5
12
18
4
15
4
8
5
8
9
7
16
17
3
12
17
10
13
5
3
13
14
2
14
7
18
3
5
7
16
2
5
16
16
14
10
16
3
5
3
4
14
2
3
11
12
6
13
17
18
16
4
14
18
2
13
8
9
3
4
12
17
12
6
13
12
11
16
17
6
12
12
9
8
9
2
2
2
18
15
12
14
13
16
16
2
5
14
9
14
16
14
12
12
2
3
8
17
8
18
18
2
17
15
14
12
6
4
17
3
6
13
11
2
11
11
9
2
16
16
15
8
17
17
13
14
5
18
15
13
15
17
2
15
10
7
4
15
8
16
6
11
8
5
15
3
3
7
3
17
10
11
8
14
16
16
2
14
11
5
8
10
12
8
5
18
7
18
9
14
9
13
17
15
11
11
9
9
7
7
16
3
9
13
7
10
14
12
9
4
2
4
7
13
14
13
3
5
15
15
7
4
2
15
18
5
13
12
3
2
17
9
10
15
8
16
11
13
7
17
14
2
9
10
4
3
6
13
17
16
16
4
10
16
10
14
3
10
12
3
5
17
15
2
4
11
7
9
6
11
8
2
14
2
10
16
2
14
16
15
16
9
14
2
9
15
9
13
10
6
4
8
2
9
15
17
16
9
6
1
9