100
0 3
0 36
2 29
2 52
3 1
3 34
4 11
4 55
5 21
6 12
6 60
7 42
7 15
8 58
8 22
11 9
11 56
12 4
13 38
13 58
14 42
14 12
14 14
15 50
16 1
17 21
17 1
17 7
17 8
18 32
18 45
18 10
19 37
19 4
20 43
20 18
21 51
21 30
22 7
22 50
23 30
24 55
24 36
26 33
26 47
26 10
28 3
29 33
29 20
30 42
32 25
32 55
33 4
33 58
34 2
34 13
34 42
34 37
34 21
36 54
37 42
38 41
38 39
39 49
39 53
40 16
41 22
43 12
44 26
45 59
46 40
46 4
47 23
47 57
48 48
48 21
49 11
49 48
50 32
50 13
50 32
50 3
51 34
51 36
52 20
52 23
54 26
54 33
54 25
54 42
57 11
57 44
57 3
58 36
58 14
58 23
59 32
59 58
59 27
60 33